539,136.018038
539,102.145910
539,102.782965
539,103.839159
539,102.978945
539,103.744984
539,110.091925
539,107.463837
539,103.148937
539,108.022928
539,107.955217
539,107.010841
539,111.433983
539,106.153011
539,105.751991
539,125.376940
539,106.141090
539,103.451014
539,106.157064
539,105.459929
539,102.427959
539,102.678061
539,104.055882
539,107.136965
539,102.836847
539,105.043888
539,102.432966
539,103.358030
539,105.990171
539,104.255199
539,104.657888
539,104.116201
539,104.389906
539,103.851080
539,104.941130
539,104.500055
539,104.362011
539,114.301920
539,104.724169
539,103.094101
539,103.582859
539,102.210045
539,102.695942
539,104.851961
539,102.891922
539,103.313923
539,106.971025
539,105.129004
539,104.895830
539,103.585005
539,105.476141
539,104.420900
539,102.610111
539,104.309082
539,104.344845
539,104.182959
539,103.809834
539,103.882074
539,102.066040
539,104.166985
539,103.819132
539,104.567051
539,106.621981
539,109.965086
539,102.601051
539,102.523088
539,102.414846
539,105.026960
539,102.693081
539,102.688789
539,104.053974
539,102.225065
539,102.931976
539,104.466915
539,104.994059
539,107.178926
539,104.844093
539,102.756023
539,101.783991
539,101.929903
539,103.101015
539,102.110863
539,104.018927
539,105.533838
539,102.378130
539,104.841948
539,104.898930
539,102.375984
539,104.233980
539,106.786966
539,102.671862
539,109.085083
539,102.218866
539,104.377985
539,103.805065
539,103.353977
539,104.856968
539,102.609158
539,102.076054
539,101.336002
539,103.711128
539,105.684042
539,108.821869
539,104.571104
539,103.559971
539,106.005907
539,104.314089
539,103.039980
539,103.235960
539,103.124857
539,105.082035
539,102.821827
539,104.327917
539,108.757019
539,107.153893
539,104.801893
539,105.082035
539,105.500937
539,135.932922
539,103.854179
539,105.174065
539,106.920958
539,104.576826
539,104.247093
539,104.478121
539,104.760885
539,103.111029
539,102.355957
539,104.279995
539,104.675770
539,102.978945
539,104.061127
539,104.089975
539,105.648994
539,103.199959
539,105.108976
539,105.771065
539,105.383873
539,103.779078
539,103.236914
539,103.193045
539,103.684902
539,102.439165
539,103.024960
539,105.198860
539,103.554964
539,105.127096
539,102.164984
539,103.434086
539,103.394032
539,102.741957
539,103.685141
539,102.924109
539,102.015972
539,102.478981
539,105.904818
539,103.988171
539,104.051113
539,104.162931
539,101.332903
539,102.582216
539,103.184938
539,102.674007
539,105.687857
539,102.753162
539,103.553057
539,104.535818
539,103.195906
539,103.806019
539,102.627993
539,103.025913
539,103.667974
539,103.224993
539,104.501963
539,103.439808
539,104.213953
539,105.472088
539,103.762865
539,104.506969
539,103.043795
539,103.220940
539,104.067087
539,103.491068
539,104.676962
539,103.379011
539,106.845140
539,102.227211
539,104.119062
539,103.123188
539,104.511976
539,105.641127
539,102.726936
539,102.118969
539,102.965117
539,103.457212
539,103.175163
539,103.655815
539,102.739096
539,103.049040
539,103.332996
539,103.500128
539,103.868961
539,102.066040
539,103.519917
539,104.315042
539,103.457928
539,102.848053
539,102.780819
539,103.321075
539,103.665113
539,104.609966
539,103.085041
539,103.632927
539,104.775906
539,103.474140
539,103.475094
539,105.169058
539,103.357077
539,106.782913
539,103.932858
539,101.742983
539,102.976084
539,105.283976
539,103.206158
539,103.147984
539,104.065895
539,105.214119
539,103.226900
539,103.507042
539,103.529930
539,105.088949
539,103.909969
539,103.224993
539,103.394032
539,104.808092
539,104.379892
539,104.758978
539,103.250980
539,104.925156
539,103.108168
539,104.685068
539,103.755951
539,103.978157
539,105.003119
539,103.909016
539,103.345156
539,104.413033
539,102.948904
539,104.017973
539,103.186846
539,105.924845
539,102.542162
539,104.266882
539,103.648901
539,103.286982
539,103.538036
539,103.143930
539,102.906942
539,103.062868
539,101.931810
539,102.800846
539,103.761196
539,103.566170
539,103.444815
539,104.043961
539,103.871107
539,104.468107
539,105.453968
539,105.733871
539,104.072094
539,103.146076
539,102.087021
539,104.655981
539,104.049921
539,102.718115
539,101.576090
539,103.919029
539,103.505850
539,104.397058
539,104.248047
539,103.344917
539,103.850126
539,103.681803
539,103.835821
539,104.328156
539,103.306055
539,105.023861
539,103.720903
539,104.327917
539,103.668213
539,102.458000
539,102.750063
539,107.246876
539,104.439020
539,104.413033
539,104.087114
539,103.483915
539,105.200052
539,104.520798
539,102.596045
539,103.060007
539,105.376959
539,105.729818
539,104.640007
539,104.698181
539,103.367090
539,103.564978
539,104.764938
539,103.442907
539,102.981806
539,105.495930
539,102.091074
539,103.575945
539,103.241920
539,102.989912
539,102.510929
539,104.501009
539,102.787018
539,104.319096
539,104.200840
539,103.298903
539,103.044987
539,102.782011
539,103.081942
539,103.960037
539,103.436947
539,103.820801
539,103.572130
539,103.362799
539,103.672981
539,103.686094
539,105.095863
539,103.531122
539,104.565859
539,103.157997
539,103.538990
539,104.103088
539,103.113890
539,103.586912
539,105.391979
539,103.435993
539,102.730036
539,102.850914
539,103.240013
539,103.549004
539,103.948116
539,103.670120
539,103.639126
539,104.203939
539,103.652000
539,102.437973
539,103.718996
539,103.451967
539,102.736950
539,103.578091
539,103.348017
539,103.478193
539,103.935003
539,104.071856
539,104.659081
539,102.256060
539,103.469133
539,104.630947
539,104.209185
539,104.687929
539,105.715990
539,103.523970
539,105.282068
539,103.969097
539,105.202913
539,103.063822
539,103.488922
539,104.110003
539,103.116035
539,102.041960
539,102.565050
539,103.686810
539,104.440212
539,103.451014
539,102.972984
539,102.945089
539,103.110790
539,103.038073
539,103.586197
539,102.514029
539,103.101969
539,105.632067
539,104.586124
539,102.985859
539,104.461193
539,103.954077
539,102.866173
539,104.556084
539,102.406979
539,102.702141
539,104.624987
539,104.411125
539,103.523970
539,102.271080
539,102.430820
539,102.833986
539,103.715897
539,102.852106
539,104.245901
539,104.994059
539,103.606939
539,103.256941
539,103.090048
539,103.878975
539,103.192091
539,102.752209
539,102.836132
539,103.518009
539,102.257013
539,103.119135
539,103.981972
539,104.521036
539,106.343985
539,104.366064
539,102.674007
539,103.725195
539,103.441000
539,102.699995
539,103.085041
539,103.798151
539,102.939129
539,107.067108
539,104.007006
539,105.061054
539,103.617907
539,104.183912
539,104.104996
539,103.030920
539,101.910830
539,103.831053
539,103.622913
539,104.251862
539,104.339123
539,102.771997
539,102.649927
539,103.197098
539,104.211807
539,104.083061
539,103.955030
539,103.800058
539,103.819132
539,105.200052
539,102.491856
539,104.472876
539,103.168011
539,104.267120
539,102.136135
539,102.798939
539,103.546858
539,102.935076
539,103.875875
539,104.645014
539,105.643034
539,104.132891
539,103.549957
539,103.508949
539,103.898048
539,105.156898
539,103.553057
539,103.502035
539,104.727983
539,103.467941
539,102.730036
539,103.049040
539,105.568171
539,103.799105
539,103.253126
539,103.531122
539,104.792833
539,103.264809
539,105.387926
539,104.616165
539,103.297949
539,102.458954
539,103.404999
539,103.421211
539,103.695869
539,103.079081
539,104.496956
539,104.315996
539,103.654146
539,102.266073
539,103.601933
539,106.662989
539,103.061914
539,104.502916
539,102.755070
539,104.331970
539,101.567984
539,103.956223
539,103.228092
539,103.783131
539,104.517937
539,102.972031
539,103.473902
539,102.241039
539,102.175951
539,103.075981
539,102.970839
539,103.288889
539,103.258133
539,104.527950
539,104.186058
539,103.972912
539,103.149891
539,103.261948
539,103.556871
539,104.049921
539,102.735043
539,101.928949
539,103.318930
539,104.038000
539,102.502108
539,104.161024
539,102.718115
539,102.605820
539,103.852987
539,103.598118
539,102.519989
539,103.554010
539,104.555130
539,105.219841
539,103.437901
539,102.473021
539,104.257822
539,104.817152
539,105.821133
539,102.998972
539,104.774952
539,104.285002
539,103.262901
539,103.255987
539,103.292942
539,103.605032
539,103.608847
539,103.308916
539,102.648973
539,105.310917
539,103.719950
539,103.563070
539,103.463888
539,105.758905
539,102.967024
539,102.818966
539,103.304863
539,103.929996
539,103.438139
539,102.827787
539,103.022814
539,102.748871
539,103.968143
539,103.595018
539,104.265928
539,101.859808
539,103.569984
539,103.403091
539,104.038000
539,104.444981
539,103.937149
539,104.686975
539,103.554010
539,102.308035
539,103.365898
539,103.406906
539,103.303909
539,103.132010
539,104.152918
539,103.554964
539,103.661060
539,102.429867
539,103.100061
539,102.804184
539,104.319096
539,103.346825
539,102.296114
539,103.071928
539,105.100870
